0.0002 
0.0006 
0.0010 
0.0012 
0.0010 
0.0005 
-0.0005 
-0.0018 
-0.0032 
-0.0040 
-0.0037 
-0.0020 
0.0012 
0.0053 
0.0091 
0.0113 
0.0106 
0.0060 
-0.0021 
-0.0123 
-0.0222 
-0.0285 
-0.0278 
-0.0176 
0.0028 
0.0322 
0.0674 
0.1034 
0.1346 
0.1557 
0.1632 
0.1557 
0.1346 
0.1034 
0.0674 
0.0322 
0.0028 
-0.0176 
-0.0278 
-0.0285 
-0.0222 
-0.0123 
-0.0021 
0.0060 
0.0106 
0.0113 
0.0091 
0.0053 
0.0012 
-0.0020 
-0.0037 
-0.0040 
-0.0032 
-0.0018 
-0.0005 
0.0005 
0.0010 
0.0012 
0.0010 
0.0006 
0.0002 
